ln(0, 10, 0, 20)
ln(0, 20, 16, 36)
ln(0, 10, 2, 12)
ln(2,12,2,22)
ln(2,12,12,12)
ln(4,10,6,12)
ln(0,10,10,10)
ln(8,8,10,8)
ln(8,8,8,10)
ln(10,10,10,8)
ln(10,8,18,16)
ln(10,10,22,22)
ln(4, 22, 4, 12)
ln(4,22,16,34)
ln(16,34,24,34)
ln(24,34,26,36)
ln(26,36,16,36)
ln(26,36,26,26)
ln(26,34,24,32)
ln(24,32,24,24)
ln(24,24,24,16)
ln(24,32,16,32)
ln(16,32,6,22)
ln(6,22,6,12)
ln(6,20,16,30)
ln(16,30,20,30)
ln(20,30,20,24)
ln(20,24,12,16)
ln(12,16,6,16)
ln(6,14,12,14)
ln(12,14,24,26)
ln(12,14,12,16)
ln(14,18,12,18)
ln(12,18,10,16)
ln(22,32,22,26)
ln(22,26,24,26)
ln(20,24,22,26)
ln(22,22,22,14)
ln(22,14,10,2)
ln(26,26,24,24)
ln(24,18,32,26)
ln(32,26,32,24)
ln(32,24,24,16)
ln(22,14,20,14)
ln(20,14,20,18)
ln(20,18,18,16)
ln(18,16,18,12)
ln(20,14,10,4)
ln(10,4,10,0)
ln(10,0,12,0)
ln(12,0,20,8)
ln(20,6,22,8)
ln(20,6,20,8)
ln(18,6,20,6)
ln(22,8,22,10)
ln(22,10,34,22)
ln(34,22,34,26)
ln(34,26,32,26)
ln(34,24,12,2)
ln(12,2,10,2)
ln(12,30,14,30)