ln(0,5,0,10)
ln(0,10,8,18)
ln(0,5,1,6)
ln(1,6,1,11)
ln(1,6,6,6)
ln(2,5,3,6)
ln(0,5,5,5)
ln(4,4,5,4)
ln(4,4,4,5)
ln(5,5,5,4)
ln(5,4,9,8)
ln(5,5,11,11)
ln(2,11,2,6)
ln(2,11,8,17)
ln(8,17,12,17)
ln(12,17,13,18)
ln(13,18,8,18)
ln(13,18,13,13)
ln(13,17,12,16)
ln(12,16,12,12)
ln(12,12,12,8)
ln(12,16,8,16)
ln(8,16,3,11)
ln(3,11,3,6)
ln(3,10,8,15)
ln(8,15,10,15)
ln(10,15,10,12)
ln(10,12,6,8)
ln(6,8,3,8)
ln(3,7,6,7)
ln(6,7,12,13)
ln(6,7,6,8)
ln(7,9,6,9)
ln(6,9,5,8)
ln(11,16,11,13)
ln(11,13,12,13)
ln(10,12,11,13)
ln(11,11,11,7)
ln(11,7,5,1)
ln(13,13,12,12)
ln(12,9,16,13)
ln(16,13,16,12)
ln(16,12,12,8)
ln(11,7,10,7)
ln(10,7,10,9)
ln(10,9,9,8)
ln(9,8,9,6)
ln(10,7,5,2)
ln(5,2,5,0)
ln(5,0,6,0)
ln(6,0,10,4)
ln(10,3,11,4)
ln(10,3,10,4)
ln(9,3,10,3)
ln(11,4,11,5)
ln(11,5,17,11)
ln(17,11,17,13)
ln(17,13,16,13)
ln(17,12,6,1)
ln(6,1,5,1)
ln(6,15,7,15)